67.52,70.53,76.55,80.07,82.57,84.51,86.09,87.43,88.59,89.61,90.53,91.36,92.11,92.81,93.45,94.05,94.61,95.14,95.63,96.1,96.55,96.97,97.38,97.76,98.13,98.49,98.83,99.16,99.47,99.78,100.07,100.36,100.63,100.9,101.16,101.41,101.66,101.89,102.13,102.35,70.53,73.54,77.52,80.53,82.83,84.68,86.21,87.52,88.66,89.67,90.57,91.39,92.14,92.83,93.47,94.07,94.63,95.15,95.65,96.12,96.56,96.98,97.39,97.77,98.14,98.5,98.84,99.16,99.48,99.78,100.08,100.36,100.64,100.9,101.16,101.41,101.66,101.9,102.13,102.35,76.55,77.52,79.56,81.67,83.54,85.15,86.55,87.77,88.85,89.82,90.7,91.5,92.23,92.91,93.54,94.13,94.68,95.2,95.69,96.15,96.59,97.01,97.41,97.8,98.16,98.52,98.85,99.18,99.49,99.8,100.09,100.37,100.65,100.92,101.17,101.42,101.67,101.91,102.14,102.36,80.07,80.53,81.67,83.08,84.51,85.84,87.06,88.16,89.16,90.07,90.9,91.67,92.38,93.03,93.65,94.22,94.76,95.27,95.75,96.21,96.65,97.06,97.46,97.84,98.2,98.55,98.89,99.21,99.52,99.82,100.11,100.4,100.67,100.94,101.19,101.44,101.69,101.92,102.15,102.38,82.57,82.83,83.54,84.51,85.58,86.66,87.69,88.66,89.56,90.4,91.17,91.9,92.57,93.2,93.79,94.35,94.87,95.37,95.84,96.29,96.72,97.13,97.52,97.89,98.25,98.6,98.93,99.25,99.56,99.86,100.15,100.43,100.7,100.96,101.22,101.47,101.71,101.94,102.17,102.4,84.51,84.68,85.15,85.84,86.66,87.52,88.38,89.22,90.02,90.78,91.5,92.17,92.81,93.41,93.97,94.51,95.02,95.5,95.96,96.4,96.81,97.21,97.6,97.96,98.32,98.66,98.99,99.3,99.61,99.9,100.19,100.47,100.74,101.0,101.25,101.5,101.74,101.97,102.2,102.42,86.09,86.21,86.55,87.06,87.69,88.38,89.1,89.82,90.53,91.21,91.86,92.49,93.08,93.65,94.18,94.7,95.18,95.65,96.09,96.52,96.92,97.31,97.69,98.05,98.4,98.73,99.05,99.37,99.67,99.96,100.24,100.52,100.78,101.04,101.29,101.54,101.77,102.01,102.23,102.45,87.43,87.52,87.77,88.16,88.66,89.22,89.82,90.44,91.06,91.67,92.26,92.83,93.38,93.91,94.42,94.91,95.37,95.82,96.25,96.66,97.05,97.43,97.8,98.15,98.49,98.82,99.13,99.44,99.74,100.02,100.3,100.57,100.84,101.09,101.34,101.58,101.82,102.05,102.27,102.49,88.59,88.66,88.85,89.16,89.56,90.02,90.53,91.06,91.6,92.14,92.68,93.2,93.71,94.2,94.68,95.14,95.58,96.01,96.42,96.81,97.19,97.56,97.92,98.26,98.59,98.91,99.22,99.52,99.81,100.1,100.37,100.64,100.9,101.15,101.39,101.63,101.86,102.09,102.31,102.53,89.61,89.67,89.82,90.07,90.4,90.78,91.21,91.67,92.14,92.62,93.11,93.58,94.05,94.51,94.95,95.39,95.81,96.21,96.6,96.98,97.35,97.71,98.05,98.38,98.7,99.02,99.32,99.61,99.9,100.18,100.45,100.71,100.96,101.21,101.45,101.69,101.92,102.14,102.36,102.58,90.53,90.57,90.7,90.9,91.17,91.5,91.86,92.26,92.68,93.11,93.54,93.97,94.4,94.83,95.24,95.65,96.04,96.43,96.8,97.17,97.52,97.86,98.19,98.52,98.83,99.13,99.43,99.71,99.99,100.27,100.53,100.79,101.04,101.28,101.52,101.75,101.98,102.2,102.42,102.63,91.36,91.39,91.5,91.67,91.9,92.17,92.49,92.83,93.2,93.58,93.97,94.37,94.76,95.15,95.54,95.92,96.29,96.66,97.01,97.36,97.7,98.03,98.35,98.66,98.96,99.26,99.54,99.82,100.1,100.36,100.62,100.87,101.12,101.36,101.59,101.82,102.04,102.26,102.47,102.68,92.11,92.14,92.23,92.38,92.57,92.81,93.08,93.38,93.71,94.05,94.4,94.76,95.12,95.48,95.84,96.2,96.55,96.89,97.23,97.56,97.89,98.2,98.51,98.81,99.1,99.39,99.67,99.94,100.2,100.46,100.72,100.96,101.2,101.44,101.67,101.89,102.11,102.33,102.54,102.74,92.81,92.83,92.91,93.03,93.2,93.41,93.65,93.91,94.2,94.51,94.83,95.15,95.48,95.82,96.15,96.48,96.81,97.14,97.46,97.77,98.08,98.38,98.68,98.97,99.25,99.53,99.8,100.06,100.32,100.57,100.82,101.06,101.3,101.53,101.75,101.97,102.19,102.4,102.61,102.81,93.45,93.47,93.54,93.65,93.79,93.97,94.18,94.42,94.68,94.95,95.24,95.54,95.84,96.15,96.46,96.77,97.08,97.39,97.69,97.99,98.28,98.57,98.85,99.13,99.41,99.67,99.93,100.19,100.44,100.69,100.93,101.16,101.39,101.62,101.84,102.06,102.27,102.47,102.68,102.88,94.05,94.07,94.13,94.22,94.35,94.51,94.7,94.91,95.14,95.39,95.65,95.92,96.2,96.48,96.77,97.06,97.35,97.64,97.92,98.21,98.49,98.76,99.04,99.3,99.57,99.82,100.08,100.32,100.57,100.81,101.04,101.27,101.49,101.71,101.93,102.14,102.35,102.55,102.75,102.95,94.61,94.63,94.68,94.76,94.87,95.02,95.18,95.37,95.58,95.81,96.04,96.29,96.55,96.81,97.08,97.35,97.62,97.89,98.16,98.43,98.7,98.96,99.22,99.48,99.73,99.98,100.22,100.46,100.7,100.93,101.16,101.38,101.6,101.82,102.03,102.23,102.44,102.64,102.83,103.03,95.14,95.15,95.2,95.27,95.37,95.5,95.65,95.82,96.01,96.21,96.43,96.66,96.89,97.14,97.39,97.64,97.89,98.15,98.4,98.66,98.91,99.16,99.41,99.66,99.9,100.14,100.37,100.61,100.83,101.06,101.28,101.5,101.71,101.92,102.13,102.33,102.53,102.72,102.92,103.11,95.63,95.65,95.69,95.75,95.84,95.96,96.09,96.25,96.42,96.6,96.8,97.01,97.23,97.46,97.69,97.92,98.16,98.4,98.64,98.89,99.13,99.37,99.6,99.84,100.07,100.3,100.53,100.75,100.97,101.19,101.41,101.62,101.83,102.03,102.23,102.43,102.62,102.82,103.0,103.19,96.1,96.12,96.15,96.21,96.29,96.39,96.52,96.66,96.81,96.98,97.17,97.36,97.56,97.77,97.99,98.21,98.43,98.66,98.89,99.11,99.34,99.57,99.8,100.02,100.25,100.47,100.69,100.9,101.12,101.33,101.54,101.74,101.94,102.14,102.34,102.53,102.72,102.91,103.09,103.28,96.55,96.56,96.59,96.65,96.72,96.81,96.92,97.05,97.19,97.35,97.52,97.7,97.88,98.08,98.28,98.49,98.7,98.91,99.13,99.34,99.56,99.78,99.99,100.21,100.42,100.64,100.85,101.06,101.26,101.47,101.67,101.87,102.06,102.26,102.45,102.64,102.82,103.01,103.19,103.36,96.97,96.98,97.01,97.06,97.13,97.21,97.31,97.43,97.56,97.71,97.86,98.03,98.2,98.38,98.57,98.76,98.96,99.16,99.37,99.57,99.78,99.98,100.19,100.4,100.6,100.81,101.01,101.21,101.41,101.61,101.8,102.0,102.19,102.38,102.56,102.75,102.93,103.11,103.28,103.46,97.38,97.39,97.41,97.46,97.52,97.6,97.69,97.8,97.92,98.05,98.19,98.35,98.51,98.68,98.85,99.04,99.22,99.41,99.6,99.8,99.99,100.19,100.39,100.58,100.78,100.98,101.17,101.37,101.56,101.75,101.94,102.13,102.31,102.5,102.68,102.86,103.03,103.21,103.38,103.55,97.76,97.77,97.8,97.84,97.89,97.96,98.05,98.15,98.26,98.38,98.52,98.66,98.81,98.97,99.13,99.3,99.48,99.66,99.84,100.02,100.21,100.4,100.58,100.77,100.96,101.15,101.34,101.53,101.71,101.9,102.08,102.26,102.44,102.62,102.79,102.97,103.14,103.31,103.48,103.65,98.13,98.14,98.16,98.2,98.25,98.32,98.4,98.49,98.59,98.7,98.83,98.96,99.1,99.25,99.4,99.57,99.73,99.9,100.07,100.25,100.42,100.6,100.78,100.96,101.14,101.32,101.5,101.68,101.86,102.04,102.22,102.4,102.57,102.74,102.91,103.08,103.25,103.42,103.58,103.74,98.49,98.5,98.52,98.55,98.6,98.66,98.73,98.82,98.91,99.02,99.13,99.26,99.39,99.53,99.67,99.82,99.98,100.14,100.3,100.47,100.64,100.81,100.98,101.15,101.32,101.5,101.67,101.84,102.02,102.19,102.36,102.53,102.7,102.87,103.04,103.2,103.36,103.53,103.69,103.84,98.83,98.84,98.85,98.89,98.93,98.99,99.05,99.13,99.22,99.32,99.43,99.54,99.67,99.8,99.93,100.08,100.22,100.37,100.53,100.69,100.85,101.01,101.17,101.34,101.5,101.67,101.84,102.01,102.17,102.34,102.5,102.67,102.83,103.0,103.16,103.32,103.48,103.64,103.79,103.95,99.16,99.16,99.18,99.21,99.25,99.3,99.37,99.44,99.52,99.61,99.71,99.82,99.94,100.06,100.19,100.32,100.46,100.61,100.75,100.9,101.06,101.21,101.37,101.53,101.68,101.84,102.01,102.17,102.33,102.49,102.65,102.81,102.97,103.12,103.28,103.44,103.59,103.75,103.9,104.05,99.47,99.48,99.49,99.52,99.56,99.61,99.67,99.74,99.81,99.9,99.99,100.1,100.2,100.32,100.44,100.57,100.7,100.83,100.97,101.12,101.26,101.41,101.56,101.71,101.86,102.02,102.17,102.33,102.48,102.64,102.79,102.95,103.1,103.25,103.41,103.56,103.71,103.86,104.01,104.16,99.78,99.78,99.8,99.82,99.86,99.9,99.96,100.02,100.1,100.18,100.26,100.36,100.46,100.57,100.69,100.81,100.93,101.06,101.19,101.33,101.47,101.61,101.75,101.9,102.04,102.19,102.34,102.49,102.64,102.79,102.94,103.09,103.24,103.38,103.53,103.68,103.83,103.97,104.12,104.26,100.07,100.08,100.09,100.11,100.15,100.19,100.24,100.3,100.37,100.45,100.53,100.62,100.72,100.82,100.93,101.04,101.16,101.28,101.41,101.54,101.67,101.8,101.94,102.08,102.22,102.36,102.5,102.65,102.79,102.94,103.08,103.23,103.37,103.51,103.66,103.8,103.94,104.09,104.23,104.37,100.36,100.36,100.37,100.4,100.43,100.47,100.52,100.57,100.64,100.71,100.79,100.87,100.96,101.06,101.16,101.27,101.38,101.5,101.62,101.74,101.87,102.0,102.13,102.26,102.4,102.53,102.67,102.81,102.95,103.09,103.23,103.37,103.51,103.65,103.79,103.92,104.06,104.2,104.34,104.48,100.63,100.64,100.65,100.67,100.7,100.74,100.78,100.83,100.9,100.96,101.04,101.12,101.2,101.3,101.39,101.49,101.6,101.71,101.83,101.94,102.06,102.19,102.31,102.44,102.57,102.7,102.83,102.97,103.1,103.24,103.37,103.51,103.64,103.78,103.91,104.05,104.18,104.32,104.45,104.59,100.9,100.9,100.92,100.94,100.96,101.0,101.04,101.09,101.15,101.21,101.28,101.36,101.44,101.53,101.62,101.71,101.82,101.92,102.03,102.14,102.26,102.38,102.5,102.62,102.74,102.87,103.0,103.12,103.25,103.38,103.51,103.65,103.78,103.91,104.04,104.17,104.3,104.43,104.56,104.69,101.16,101.16,101.17,101.19,101.22,101.25,101.29,101.34,101.39,101.45,101.52,101.59,101.67,101.75,101.84,101.93,102.03,102.13,102.23,102.34,102.45,102.56,102.68,102.79,102.91,103.04,103.16,103.28,103.41,103.53,103.66,103.79,103.91,104.04,104.17,104.3,104.42,104.55,104.68,104.8,101.41,101.41,101.42,101.44,101.47,101.5,101.54,101.58,101.63,101.69,101.75,101.82,101.89,101.97,102.05,102.14,102.23,102.33,102.43,102.53,102.64,102.75,102.86,102.97,103.08,103.2,103.32,103.44,103.56,103.68,103.8,103.92,104.05,104.17,104.3,104.42,104.54,104.67,104.79,104.92,101.66,101.66,101.67,101.69,101.71,101.74,101.77,101.82,101.86,101.92,101.98,102.04,102.11,102.19,102.27,102.35,102.44,102.53,102.62,102.72,102.82,102.93,103.03,103.14,103.25,103.36,103.48,103.59,103.71,103.83,103.94,104.06,104.18,104.3,104.42,104.54,104.66,104.79,104.91,105.03,101.89,101.9,101.91,101.92,101.94,101.97,102.01,102.05,102.09,102.14,102.2,102.26,102.33,102.4,102.47,102.55,102.64,102.72,102.82,102.91,103.01,103.11,103.21,103.31,103.42,103.53,103.64,103.75,103.86,103.97,104.09,104.2,104.32,104.43,104.55,104.67,104.79,104.9,105.02,105.14,102.13,102.13,102.14,102.15,102.17,102.2,102.23,102.27,102.31,102.36,102.42,102.47,102.54,102.61,102.68,102.75,102.83,102.92,103.0,103.09,103.19,103.28,103.38,103.48,103.58,103.69,103.79,103.9,104.01,104.12,104.23,104.34,104.45,104.56,104.68,104.79,104.91,105.02,105.13,105.25,102.35,102.35,102.36,102.38,102.4,102.42,102.45,102.49,102.53,102.58,102.63,102.68,102.74,102.81,102.88,102.95,103.03,103.11,103.19,103.27,103.36,103.46,103.55,103.65,103.74,103.84,103.95,104.05,104.15,104.26,104.37,104.48,104.59,104.69,104.8,104.92,105.03,105.14,105.25,105.36
0.0,0.0,74.72,86.42,88.72,92.82,95.43,97.01,98.66,99.79,100.73,101.47,102.13,103.49,104.0,104.46,102.09,105.32,105.66,106.3,106.66,108.63,112.61,112.73,109.26,106.53,109.96,106.65,111.6,108.47,110.13,110.29,112.4,115.22,114.35,117.54,114.25,115.39,117.59,118.91,0.0,0.0,74.85,86.11,88.53,93.19,95.32,96.93,98.43,99.85,100.61,101.45,102.93,103.47,103.98,104.48,104.91,105.31,105.65,106.03,107.92,108.61,112.39,114.27,114.75,115.28,112.77,109.96,110.89,110.21,109.23,109.51,115.72,115.69,112.15,115.19,113.37,114.59,114.71,115.77,71.97,82.94,83.63,89.02,92.66,95.28,97.16,98.02,99.8,100.67,101.44,102.21,102.88,103.46,103.98,104.46,104.87,105.28,105.65,106.02,107.05,108.67,112.46,111.84,114.06,108.48,112.77,110.06,109.76,111.02,109.19,110.41,115.05,116.2,117.59,115.14,114.45,113.7,114.73,114.04,87.52,84.15,84.74,89.66,94.09,95.23,96.85,98.18,99.54,100.53,101.38,102.12,102.8,103.38,103.92,104.41,104.83,105.22,105.61,106.85,108.61,112.82,112.22,112.31,114.47,108.47,109.8,109.72,109.84,112.4,111.43,111.52,112.62,114.2,113.65,111.7,112.11,113.73,113.66,115.28,87.55,87.72,91.69,91.34,95.33,96.31,97.74,99.08,100.18,100.92,101.98,102.67,103.26,103.78,104.31,104.75,105.19,103.62,105.91,107.01,106.82,112.52,113.36,112.29,109.25,104.95,105.72,108.85,111.57,112.4,112.46,112.49,112.62,110.64,111.78,111.59,112.5,113.0,114.01,113.4,93.49,94.46,94.71,94.24,96.08,97.22,98.49,99.93,100.72,101.71,101.79,102.49,103.16,103.7,104.19,104.66,105.12,105.51,104.37,105.22,105.91,108.66,109.05,109.33,109.45,112.69,111.2,110.25,112.15,108.51,109.19,110.03,114.09,114.4,117.92,112.91,117.42,114.34,116.11,115.83,95.71,96.1,96.55,97.04,97.31,98.75,99.16,100.56,101.42,101.48,102.28,102.96,103.55,104.02,104.53,102.27,103.23,105.79,105.02,105.27,110.13,108.98,112.93,114.62,108.74,105.52,110.53,111.15,108.65,113.05,113.44,112.8,114.43,115.25,116.34,118.18,118.49,115.43,117.32,118.48,97.11,98.46,98.72,98.55,98.36,99.72,99.77,101.06,101.91,102.03,102.71,103.36,103.91,104.38,104.82,105.27,105.31,105.71,104.85,107.92,108.43,109.27,109.16,109.44,109.65,108.75,106.08,106.82,111.0,107.66,108.79,107.03,108.26,109.73,115.83,116.68,117.34,118.28,115.79,116.8,99.19,99.48,99.55,99.67,100.47,100.62,101.38,101.52,102.4,102.51,103.14,103.7,104.24,104.68,104.74,105.18,105.59,105.96,105.45,106.89,107.65,113.92,114.7,109.58,105.15,110.05,111.09,107.44,107.13,107.96,108.85,110.21,110.6,110.38,112.6,112.98,114.85,118.73,116.38,116.14,99.87,100.14,100.58,100.79,101.09,101.22,102.0,102.16,102.81,103.4,103.48,104.04,104.54,104.99,105.04,105.43,105.79,107.62,108.22,108.91,109.15,110.3,114.91,109.62,104.62,114.92,114.39,107.33,107.24,107.9,110.56,110.13,108.64,112.36,109.65,112.97,111.97,116.76,114.36,117.3,101.27,101.28,101.33,101.56,101.65,102.31,102.37,102.99,103.06,103.7,103.86,104.36,104.79,104.87,105.29,105.68,108.18,108.02,108.7,108.85,109.0,108.89,104.11,104.32,106.86,114.24,107.11,109.1,107.8,110.32,108.64,111.56,114.6,115.87,110.92,111.69,112.89,113.89,113.98,115.37,101.92,101.69,101.9,102.42,102.68,102.66,102.82,103.34,103.49,104.04,104.52,104.64,105.08,105.47,105.54,105.92,108.38,113.37,108.61,108.96,108.44,109.09,109.51,109.7,106.13,114.81,105.73,106.82,108.36,108.51,108.2,109.84,111.17,112.55,110.87,111.27,111.85,112.7,113.27,114.3,102.91,102.92,102.96,102.9,103.02,103.1,103.73,103.82,104.27,104.4,104.86,104.89,105.34,105.72,105.8,110.77,110.57,108.41,112.46,108.83,108.62,109.26,112.69,105.92,114.5,110.22,110.07,112.43,110.97,109.63,110.03,111.16,109.0,110.09,110.0,113.07,112.61,113.59,113.67,115.8,103.39,103.36,103.39,103.38,103.92,104.01,104.08,104.52,104.62,104.72,105.14,105.51,105.58,107.58,108.12,107.86,114.22,108.9,108.96,113.45,115.16,109.54,113.76,114.52,109.54,113.2,110.11,110.5,109.51,108.73,109.15,112.16,113.25,112.07,111.62,110.88,113.05,114.11,114.07,114.32,103.79,103.76,104.23,104.22,104.21,104.33,104.42,104.83,104.85,105.25,105.38,105.7,105.83,108.18,108.56,108.62,108.63,114.86,113.64,111.45,114.92,113.32,114.66,113.64,114.46,111.76,111.83,110.16,110.05,109.83,110.69,110.68,109.7,109.52,111.91,111.33,111.26,114.26,114.75,115.02,104.45,104.45,104.56,104.56,104.55,105.0,105.06,105.04,105.44,105.48,105.55,108.12,108.03,108.0,113.22,108.83,108.39,109.27,115.02,106.2,111.97,109.82,111.38,114.25,114.33,113.28,111.65,112.6,114.29,110.02,111.21,111.62,110.26,111.36,111.9,113.88,114.33,114.43,111.66,110.19,104.75,104.71,104.77,105.14,105.17,105.25,105.27,105.61,107.68,107.91,107.41,107.57,107.91,108.34,108.76,114.0,109.14,108.94,108.96,113.18,108.83,110.6,109.65,110.85,109.0,111.82,113.47,113.42,113.39,115.35,110.69,113.18,113.55,113.24,112.26,113.82,109.82,111.31,114.64,111.38,105.38,105.33,105.37,105.36,105.43,105.52,107.46,107.98,107.99,107.97,107.83,106.32,107.75,108.06,106.98,109.33,109.27,112.54,109.06,110.52,110.33,115.95,113.88,110.63,113.55,112.25,113.43,114.08,116.05,115.79,112.26,112.23,109.28,111.77,112.0,116.97,114.41,109.57,117.05,116.1,107.46,111.38,105.85,106.29,107.92,107.63,107.7,107.08,108.33,107.89,108.2,108.39,108.48,109.03,107.7,107.64,109.38,109.33,114.53,108.83,109.66,112.58,116.91,113.09,110.25,113.07,108.3,112.73,110.73,115.11,111.7,108.95,110.03,110.09,109.1,109.35,114.26,109.88,117.79,117.9,108.01,106.7,107.22,107.67,107.68,108.09,108.12,108.5,108.18,108.5,108.68,107.29,107.89,109.14,109.26,109.33,109.37,109.39,109.88,109.28,109.35,111.06,112.8,113.4,111.02,110.35,110.32,108.92,110.57,112.21,109.61,109.67,109.47,109.81,113.13,113.92,115.05,115.76,116.33,116.77,108.11,106.24,106.8,107.29,107.3,107.92,107.73,108.52,108.22,109.01,108.48,107.76,107.18,108.68,109.06,107.9,107.96,109.44,109.75,109.48,110.72,109.47,110.35,112.5,108.46,113.29,109.78,110.33,110.99,109.5,116.29,109.46,109.38,109.41,114.73,110.0,111.88,116.36,116.56,111.5,107.26,106.81,107.81,106.71,108.58,108.28,108.84,108.78,108.15,108.52,108.84,108.6,108.02,107.94,107.93,108.23,108.39,108.67,108.97,110.28,109.17,110.79,108.84,110.41,109.98,111.4,111.07,109.53,108.78,109.67,112.24,113.24,113.63,109.92,110.06,116.54,110.72,110.88,117.11,117.55,106.73,108.22,108.65,107.33,106.96,108.34,109.19,109.18,108.21,108.57,108.95,108.97,108.0,108.61,107.82,108.53,108.48,108.56,108.61,109.11,109.55,108.59,113.92,109.96,110.29,108.85,108.55,108.9,110.02,110.11,110.16,109.31,114.09,109.72,109.08,116.96,110.64,118.07,110.47,118.12,107.28,108.0,108.98,107.1,107.78,108.35,109.31,109.43,108.72,109.69,109.52,108.38,108.47,108.99,109.62,108.88,109.43,108.63,109.25,109.01,109.02,109.07,111.58,111.38,109.2,110.42,109.0,108.73,110.91,113.51,110.25,114.08,110.79,110.35,116.59,109.19,109.29,110.02,117.64,118.31,108.23,109.19,109.13,107.85,107.62,108.41,108.76,109.66,109.56,109.87,108.64,109.65,109.66,109.04,109.67,109.68,110.06,109.76,110.29,110.31,110.58,109.88,109.89,110.86,110.44,109.45,110.23,108.99,111.35,108.94,109.54,115.67,110.13,112.93,115.07,115.2,116.11,110.08,119.13,118.66,108.08,109.32,109.48,108.69,109.33,109.34,109.17,109.85,109.62,109.99,109.44,108.87,109.92,109.7,109.45,110.44,110.11,110.68,110.34,110.1,110.11,110.48,110.64,109.26,109.97,109.25,109.79,109.07,109.47,110.93,110.05,109.78,112.8,112.58,117.14,111.21,117.09,110.32,120.11,122.45,109.5,109.24,109.67,109.0,109.0,109.1,109.65,109.97,109.65,109.47,109.74,109.22,110.36,114.04,110.6,110.67,110.53,110.3,110.31,110.14,110.15,110.22,109.71,110.15,110.41,111.37,109.04,109.78,109.16,109.29,110.17,111.12,109.22,113.78,116.62,116.48,118.11,118.03,121.66,122.77,109.78,108.82,110.01,109.62,109.06,109.44,109.83,109.83,109.7,109.95,110.02,110.51,110.45,109.91,110.56,110.58,110.81,110.34,109.66,109.7,109.81,110.23,110.98,110.21,110.41,110.98,110.69,109.04,109.78,110.35,109.61,109.42,116.5,110.93,119.16,118.9,119.02,118.76,120.9,122.48,109.48,108.96,110.13,110.32,110.08,109.26,109.88,110.1,109.74,110.44,110.46,110.6,110.52,112.23,109.82,110.36,110.14,111.01,109.85,109.89,109.67,109.85,110.3,110.46,111.67,110.61,110.14,113.39,116.2,116.13,117.87,119.02,117.99,117.98,117.51,117.76,118.64,119.83,121.52,121.52,110.13,109.38,110.32,110.43,110.14,109.31,110.15,110.22,110.46,110.39,110.57,110.61,110.66,113.08,112.33,110.2,109.94,110.32,110.77,109.78,109.82,110.34,109.95,110.62,110.66,110.63,114.22,114.26,115.2,117.18,118.91,119.29,119.38,119.38,118.94,118.15,119.24,121.22,121.47,121.47,109.71,111.08,110.48,110.58,110.41,110.5,110.57,114.81,115.69,113.64,110.71,110.78,115.71,113.41,110.79,110.78,111.86,110.36,110.08,110.03,110.32,110.25,110.08,110.29,110.86,110.53,115.15,114.74,115.03,116.44,118.58,118.37,118.69,119.2,118.91,120.78,120.43,121.44,123.06,122.44,109.94,114.05,110.49,110.73,110.73,110.69,115.58,115.24,110.69,110.82,110.8,110.86,110.71,110.71,110.69,109.02,110.82,110.54,111.24,110.64,110.91,110.56,110.84,110.74,110.83,110.86,115.84,115.92,117.04,119.59,118.8,118.95,119.42,118.61,119.87,120.83,120.89,122.34,122.31,123.01,110.05,112.71,110.33,110.73,110.86,110.79,115.22,115.54,110.88,115.78,110.9,110.75,110.76,110.51,108.69,109.65,109.66,111.79,111.32,111.46,115.02,110.4,110.68,110.42,110.67,111.23,111.87,113.44,111.97,111.81,112.51,118.75,119.84,120.35,120.16,121.86,121.99,121.94,124.1,124.82,110.74,114.6,109.83,110.6,110.64,110.98,116.37,115.58,116.15,114.27,113.8,110.12,110.59,109.72,108.92,108.87,109.28,109.56,111.69,111.46,111.6,111.8,110.93,111.61,109.95,112.11,111.33,114.06,112.01,119.54,120.4,122.71,120.11,120.33,120.82,123.14,123.28,123.53,124.51,126.56,110.83,116.03,110.37,110.69,111.09,111.1,115.2,116.23,114.7,110.82,110.01,109.67,109.4,109.93,109.58,109.86,110.85,109.19,115.09,111.94,116.52,121.98,111.65,113.29,111.64,112.73,112.72,112.04,112.74,120.19,120.44,120.79,120.55,122.52,121.73,123.5,122.55,124.71,125.41,126.42,115.42,117.21,110.84,109.41,110.18,110.47,112.69,112.88,116.9,114.35,109.45,110.46,109.36,110.67,110.13,111.55,110.35,109.61,121.71,116.3,117.06,121.74,113.68,117.52,112.97,113.37,114.66,112.46,113.72,120.65,123.16,123.09,121.35,122.41,122.98,123.14,123.34,123.41,126.19,124.64,111.19,116.5,110.73,110.5,109.9,110.06,109.8,113.63,110.0,109.5,109.41,111.31,110.21,110.45,109.65,109.34,112.05,110.4,121.57,123.69,113.32,112.0,112.37,114.92,111.81,111.82,116.7,113.08,113.62,122.23,121.36,123.41,122.59,123.25,122.62,123.88,124.58,125.15,124.13,125.85,110.38,111.56,110.61,110.03,110.04,109.96,110.09,109.29,110.03,109.61,108.74,109.89,110.94,110.34,110.16,109.04,109.24,109.19,109.39,109.59,113.22,112.02,111.82,113.24,115.72,112.67,116.73,111.96,123.79,125.8,122.16,123.77,122.32,124.04,122.75,123.23,124.59,126.77,126.49,125.6,111.62,113.21,113.27,110.15,110.3,109.46,109.3,109.06,109.27,111.23,111.35,109.57,110.03,110.0,112.06,109.57,111.47,111.2,109.96,110.67,113.73,113.61,112.09,115.36,117.2,116.01,115.97,116.62,123.9,124.0,122.98,122.35,123.84,122.62,123.59,124.51,125.64,126.74,126.86,126.63,115.33,114.58,109.7,110.28,110.39,110.4,111.66,111.47,109.12,111.93,111.58,110.13,114.65,109.47,113.12,110.71,109.66,109.98,111.16,110.25,112.48,112.7,112.49,112.51,116.5,116.64,123.4,125.82,112.24,123.69,123.84,123.95,124.25,126.21,124.38,124.98,125.04,126.98,126.95,127.17