73.54,70.53,73.54,77.52,80.53,82.83,84.68,86.21,87.52,88.66,89.67,90.57,91.39,92.14,92.83,93.47,94.07,94.63,95.15,95.65,96.12,96.56,96.98,97.39,97.77,98.14,98.5,98.84,99.16,99.48,99.78,100.08,100.36,100.64,100.9,101.16,101.41,101.66,101.9,102.13,70.53,67.52,70.53,76.55,80.07,82.57,84.51,86.09,87.43,88.59,89.61,90.53,91.36,92.11,92.81,93.45,94.05,94.61,95.14,95.63,96.1,96.55,96.97,97.38,97.76,98.13,98.49,98.83,99.16,99.47,99.78,100.07,100.36,100.63,100.9,101.16,101.41,101.66,101.89,102.13,73.54,70.53,73.54,77.52,80.53,82.83,84.68,86.21,87.52,88.66,89.67,90.57,91.39,92.14,92.83,93.47,94.07,94.63,95.15,95.65,96.12,96.56,96.98,97.39,97.77,98.14,98.5,98.84,99.16,99.48,99.78,100.08,100.36,100.64,100.9,101.16,101.41,101.66,101.9,102.13,77.52,76.55,77.52,79.56,81.67,83.54,85.15,86.55,87.77,88.85,89.82,90.7,91.5,92.23,92.91,93.54,94.13,94.68,95.2,95.69,96.15,96.59,97.01,97.41,97.8,98.16,98.52,98.85,99.18,99.49,99.8,100.09,100.37,100.65,100.92,101.17,101.42,101.67,101.91,102.14,80.53,80.07,80.53,81.67,83.08,84.51,85.84,87.06,88.16,89.16,90.07,90.9,91.67,92.38,93.03,93.65,94.22,94.76,95.27,95.75,96.21,96.65,97.06,97.46,97.84,98.2,98.55,98.89,99.21,99.52,99.82,100.11,100.4,100.67,100.94,101.19,101.44,101.69,101.92,102.15,82.83,82.57,82.83,83.54,84.51,85.58,86.66,87.69,88.66,89.56,90.4,91.17,91.9,92.57,93.2,93.79,94.35,94.87,95.37,95.84,96.29,96.72,97.13,97.52,97.89,98.25,98.6,98.93,99.25,99.56,99.86,100.15,100.43,100.7,100.96,101.22,101.47,101.71,101.94,102.17,84.68,84.51,84.68,85.15,85.84,86.66,87.52,88.38,89.22,90.02,90.78,91.5,92.17,92.81,93.41,93.97,94.51,95.02,95.5,95.96,96.4,96.81,97.21,97.6,97.96,98.32,98.66,98.99,99.3,99.61,99.9,100.19,100.47,100.74,101.0,101.25,101.5,101.74,101.97,102.2,86.21,86.09,86.21,86.55,87.06,87.69,88.38,89.1,89.82,90.53,91.21,91.86,92.49,93.08,93.65,94.18,94.7,95.18,95.65,96.09,96.52,96.92,97.31,97.69,98.05,98.4,98.73,99.05,99.37,99.67,99.96,100.24,100.52,100.78,101.04,101.29,101.54,101.77,102.01,102.23,87.52,87.43,87.52,87.77,88.16,88.66,89.22,89.82,90.44,91.06,91.67,92.26,92.83,93.38,93.91,94.42,94.91,95.37,95.82,96.25,96.66,97.05,97.43,97.8,98.15,98.49,98.82,99.13,99.44,99.74,100.02,100.3,100.57,100.84,101.09,101.34,101.58,101.82,102.05,102.27,88.66,88.59,88.66,88.85,89.16,89.56,90.02,90.53,91.06,91.6,92.14,92.68,93.2,93.71,94.2,94.68,95.14,95.58,96.01,96.42,96.81,97.19,97.56,97.92,98.26,98.59,98.91,99.22,99.52,99.81,100.1,100.37,100.64,100.9,101.15,101.39,101.63,101.86,102.09,102.31,89.67,89.61,89.67,89.82,90.07,90.4,90.78,91.21,91.67,92.14,92.62,93.11,93.58,94.05,94.51,94.95,95.39,95.81,96.21,96.6,96.98,97.35,97.71,98.05,98.38,98.7,99.02,99.32,99.61,99.9,100.18,100.45,100.71,100.96,101.21,101.45,101.69,101.92,102.14,102.36,90.57,90.53,90.57,90.7,90.9,91.17,91.5,91.86,92.26,92.68,93.11,93.54,93.97,94.4,94.83,95.24,95.65,96.04,96.43,96.8,97.17,97.52,97.86,98.19,98.52,98.83,99.13,99.43,99.71,99.99,100.27,100.53,100.79,101.04,101.28,101.52,101.75,101.98,102.2,102.42,91.39,91.36,91.39,91.5,91.67,91.9,92.17,92.49,92.83,93.2,93.58,93.97,94.37,94.76,95.15,95.54,95.92,96.29,96.66,97.01,97.36,97.7,98.03,98.35,98.66,98.96,99.26,99.54,99.82,100.1,100.36,100.62,100.87,101.12,101.36,101.59,101.82,102.04,102.26,102.47,92.14,92.11,92.14,92.23,92.38,92.57,92.81,93.08,93.38,93.71,94.05,94.4,94.76,95.12,95.48,95.84,96.2,96.55,96.89,97.23,97.56,97.89,98.2,98.51,98.81,99.1,99.39,99.67,99.94,100.2,100.46,100.72,100.96,101.2,101.44,101.67,101.89,102.11,102.33,102.54,92.83,92.81,92.83,92.91,93.03,93.2,93.41,93.65,93.91,94.2,94.51,94.83,95.15,95.48,95.82,96.15,96.48,96.81,97.14,97.46,97.77,98.08,98.38,98.68,98.97,99.25,99.53,99.8,100.06,100.32,100.57,100.82,101.06,101.3,101.53,101.75,101.97,102.19,102.4,102.61,93.47,93.45,93.47,93.54,93.65,93.79,93.97,94.18,94.42,94.68,94.95,95.24,95.54,95.84,96.15,96.46,96.77,97.08,97.39,97.69,97.99,98.28,98.57,98.85,99.13,99.41,99.67,99.93,100.19,100.44,100.69,100.93,101.16,101.39,101.62,101.84,102.05,102.27,102.47,102.68,94.07,94.05,94.07,94.13,94.22,94.35,94.51,94.7,94.91,95.14,95.39,95.65,95.92,96.2,96.48,96.77,97.06,97.35,97.64,97.92,98.21,98.49,98.76,99.04,99.3,99.57,99.82,100.08,100.32,100.57,100.81,101.04,101.27,101.49,101.71,101.93,102.14,102.35,102.55,102.75,94.63,94.61,94.63,94.68,94.76,94.87,95.02,95.18,95.37,95.58,95.81,96.04,96.29,96.55,96.81,97.08,97.35,97.62,97.89,98.16,98.43,98.7,98.96,99.22,99.48,99.73,99.98,100.22,100.46,100.7,100.93,101.16,101.38,101.6,101.82,102.03,102.23,102.44,102.64,102.83,95.15,95.14,95.15,95.2,95.27,95.37,95.5,95.65,95.82,96.01,96.21,96.43,96.66,96.89,97.14,97.39,97.64,97.89,98.15,98.4,98.66,98.91,99.16,99.41,99.66,99.9,100.14,100.37,100.61,100.83,101.06,101.28,101.5,101.71,101.92,102.13,102.33,102.53,102.72,102.92,95.65,95.63,95.65,95.69,95.75,95.84,95.96,96.09,96.25,96.42,96.6,96.8,97.01,97.23,97.46,97.69,97.92,98.16,98.4,98.64,98.89,99.13,99.37,99.6,99.84,100.07,100.3,100.53,100.75,100.97,101.19,101.41,101.62,101.83,102.03,102.23,102.43,102.62,102.82,103.0,96.12,96.1,96.12,96.15,96.21,96.29,96.39,96.52,96.66,96.81,96.98,97.17,97.36,97.56,97.77,97.99,98.21,98.43,98.66,98.89,99.11,99.34,99.57,99.8,100.02,100.25,100.47,100.69,100.9,101.12,101.33,101.54,101.74,101.94,102.14,102.34,102.53,102.72,102.91,103.09,96.56,96.55,96.56,96.59,96.65,96.72,96.81,96.92,97.05,97.19,97.35,97.52,97.7,97.88,98.08,98.28,98.49,98.7,98.91,99.13,99.34,99.56,99.78,99.99,100.21,100.42,100.64,100.85,101.06,101.26,101.47,101.67,101.87,102.06,102.26,102.45,102.64,102.82,103.01,103.19,96.98,96.97,96.98,97.01,97.06,97.13,97.21,97.31,97.43,97.56,97.71,97.86,98.03,98.2,98.38,98.57,98.76,98.96,99.16,99.37,99.57,99.78,99.98,100.19,100.4,100.6,100.81,101.01,101.21,101.41,101.61,101.8,102.0,102.19,102.38,102.56,102.75,102.93,103.11,103.28,97.39,97.38,97.39,97.41,97.46,97.52,97.6,97.69,97.8,97.92,98.05,98.19,98.35,98.51,98.68,98.85,99.04,99.22,99.41,99.6,99.8,99.99,100.19,100.39,100.58,100.78,100.98,101.17,101.37,101.56,101.75,101.94,102.13,102.31,102.5,102.68,102.86,103.03,103.21,103.38,97.77,97.76,97.77,97.8,97.84,97.89,97.96,98.05,98.15,98.26,98.38,98.52,98.66,98.81,98.97,99.13,99.3,99.48,99.66,99.84,100.02,100.21,100.4,100.58,100.77,100.96,101.15,101.34,101.53,101.71,101.9,102.08,102.26,102.44,102.62,102.79,102.97,103.14,103.31,103.48,98.14,98.13,98.14,98.16,98.2,98.25,98.32,98.4,98.49,98.59,98.7,98.83,98.96,99.1,99.25,99.4,99.56,99.73,99.9,100.07,100.25,100.42,100.6,100.78,100.96,101.14,101.32,101.5,101.68,101.86,102.04,102.22,102.4,102.57,102.74,102.91,103.08,103.25,103.42,103.58,98.5,98.49,98.49,98.52,98.55,98.6,98.66,98.73,98.82,98.91,99.02,99.13,99.26,99.39,99.53,99.67,99.82,99.98,100.14,100.3,100.47,100.64,100.81,100.98,101.15,101.32,101.5,101.67,101.84,102.02,102.19,102.36,102.53,102.7,102.87,103.04,103.2,103.36,103.53,103.69,98.84,98.83,98.84,98.85,98.89,98.93,98.99,99.05,99.13,99.22,99.32,99.43,99.54,99.67,99.8,99.93,100.08,100.22,100.37,100.53,100.69,100.85,101.01,101.17,101.34,101.5,101.67,101.84,102.01,102.17,102.34,102.5,102.67,102.83,103.0,103.16,103.32,103.48,103.64,103.79,99.16,99.16,99.16,99.18,99.21,99.25,99.3,99.37,99.44,99.52,99.61,99.71,99.82,99.94,100.06,100.19,100.32,100.46,100.61,100.75,100.9,101.06,101.21,101.37,101.53,101.68,101.84,102.01,102.17,102.33,102.49,102.65,102.81,102.97,103.12,103.28,103.44,103.59,103.75,103.9,99.48,99.47,99.48,99.49,99.52,99.56,99.61,99.67,99.74,99.81,99.9,99.99,100.1,100.2,100.32,100.44,100.57,100.7,100.83,100.97,101.12,101.26,101.41,101.56,101.71,101.86,102.02,102.17,102.33,102.48,102.64,102.79,102.95,103.1,103.25,103.41,103.56,103.71,103.86,104.01,99.78,99.78,99.78,99.8,99.82,99.86,99.9,99.96,100.02,100.1,100.18,100.26,100.36,100.46,100.57,100.69,100.81,100.93,101.06,101.19,101.33,101.47,101.61,101.75,101.9,102.04,102.19,102.34,102.49,102.64,102.79,102.94,103.09,103.24,103.38,103.53,103.68,103.83,103.97,104.12,100.08,100.07,100.08,100.09,100.11,100.15,100.19,100.24,100.3,100.37,100.45,100.53,100.62,100.72,100.82,100.93,101.04,101.16,101.28,101.41,101.54,101.67,101.8,101.94,102.08,102.22,102.36,102.5,102.65,102.79,102.94,103.08,103.23,103.37,103.51,103.66,103.8,103.94,104.09,104.23,100.36,100.36,100.36,100.37,100.4,100.43,100.47,100.52,100.57,100.64,100.71,100.79,100.87,100.96,101.06,101.16,101.27,101.38,101.5,101.62,101.74,101.87,102.0,102.13,102.26,102.4,102.53,102.67,102.81,102.95,103.09,103.23,103.37,103.51,103.65,103.79,103.92,104.06,104.2,104.34,100.64,100.63,100.64,100.65,100.67,100.7,100.74,100.78,100.83,100.9,100.96,101.04,101.12,101.2,101.3,101.39,101.49,101.6,101.71,101.83,101.94,102.06,102.19,102.31,102.44,102.57,102.7,102.83,102.97,103.1,103.24,103.37,103.51,103.64,103.78,103.91,104.05,104.18,104.32,104.45,100.9,100.9,100.9,100.92,100.94,100.96,101.0,101.04,101.09,101.15,101.21,101.28,101.36,101.44,101.53,101.62,101.71,101.82,101.92,102.03,102.14,102.26,102.38,102.5,102.62,102.74,102.87,103.0,103.12,103.25,103.38,103.51,103.65,103.78,103.91,104.04,104.17,104.3,104.43,104.56,101.16,101.16,101.16,101.17,101.19,101.22,101.25,101.29,101.34,101.39,101.45,101.52,101.59,101.67,101.75,101.84,101.93,102.03,102.13,102.23,102.34,102.45,102.56,102.68,102.79,102.91,103.03,103.16,103.28,103.41,103.53,103.66,103.79,103.91,104.04,104.17,104.3,104.42,104.55,104.68,101.41,101.41,101.41,101.42,101.44,101.47,101.5,101.54,101.58,101.63,101.69,101.75,101.82,101.89,101.97,102.05,102.14,102.23,102.33,102.43,102.53,102.64,102.75,102.86,102.97,103.08,103.2,103.32,103.44,103.56,103.68,103.8,103.92,104.05,104.17,104.3,104.42,104.54,104.67,104.79,101.66,101.66,101.66,101.67,101.69,101.71,101.74,101.77,101.82,101.86,101.92,101.98,102.04,102.11,102.19,102.27,102.35,102.44,102.53,102.62,102.72,102.82,102.93,103.03,103.14,103.25,103.36,103.48,103.59,103.71,103.83,103.94,104.06,104.18,104.3,104.42,104.54,104.66,104.79,104.91,101.9,101.89,101.9,101.91,101.92,101.94,101.97,102.01,102.05,102.09,102.14,102.2,102.26,102.33,102.4,102.47,102.55,102.64,102.72,102.81,102.91,103.01,103.11,103.21,103.31,103.42,103.53,103.64,103.75,103.86,103.97,104.09,104.2,104.32,104.43,104.55,104.67,104.79,104.9,105.02,102.13,102.12,102.13,102.14,102.15,102.17,102.2,102.23,102.27,102.31,102.36,102.42,102.47,102.54,102.6,102.68,102.75,102.83,102.92,103.0,103.09,103.19,103.28,103.38,103.48,103.58,103.69,103.79,103.9,104.01,104.12,104.23,104.34,104.45,104.56,104.68,104.79,104.91,105.02,105.13
0.0,0.0,0.0,74.88,81.98,87.63,91.63,94.18,96.65,98.23,99.48,100.38,101.16,102.82,103.4,103.93,104.48,104.88,105.24,105.61,105.98,108.31,108.01,108.2,108.39,108.21,112.65,113.95,110.24,111.82,113.67,116.47,114.58,114.0,114.36,117.44,113.72,115.03,113.01,115.26,0.0,0.0,0.0,75.89,82.39,88.72,91.82,94.3,96.45,98.48,99.36,100.41,101.47,102.25,103.42,104.0,104.46,104.89,105.25,105.66,105.99,107.69,107.15,108.55,108.72,110.86,114.11,114.73,115.64,114.55,116.65,116.38,115.68,113.11,113.37,116.98,111.83,114.04,113.02,115.27,0.0,0.0,0.0,74.88,84.76,88.53,92.12,93.81,97.19,98.43,99.48,100.5,101.45,102.9,103.47,104.0,104.43,104.86,105.26,105.67,106.02,107.96,107.14,106.31,109.69,110.94,113.98,111.41,111.23,115.47,114.59,115.02,113.88,114.87,117.61,118.8,114.03,113.43,112.07,113.65,81.3,71.6,78.92,79.82,86.63,91.38,94.89,96.64,98.23,99.48,100.5,101.43,102.17,102.85,103.45,103.92,104.37,104.84,105.22,105.61,105.96,107.65,108.65,108.66,113.1,114.56,113.81,115.21,115.64,112.21,114.13,114.5,115.54,112.43,111.6,111.9,112.23,112.61,114.1,116.06,83.15,82.87,82.77,83.41,89.19,93.2,94.43,95.98,97.75,98.76,100.23,101.32,102.12,102.73,103.29,103.89,104.35,104.83,105.26,105.58,105.97,108.68,108.93,108.98,109.42,111.62,112.93,113.05,113.92,115.02,115.22,113.94,114.66,115.14,116.65,115.72,116.31,116.39,116.56,116.77,87.72,88.04,87.28,90.42,90.96,94.6,94.97,97.51,98.75,99.8,101.02,101.94,102.63,103.11,103.72,104.3,104.73,105.13,105.58,105.94,106.26,111.21,113.29,108.97,109.28,109.53,104.57,105.26,106.87,110.39,110.48,110.68,109.38,115.14,116.61,117.15,118.0,116.97,118.04,118.15,93.19,93.49,94.03,92.72,93.11,95.77,96.11,98.49,99.71,100.81,101.65,101.67,102.52,103.12,103.58,104.14,104.69,105.1,103.47,104.37,106.21,107.62,108.76,111.69,113.75,115.55,115.0,116.98,114.85,110.42,107.47,109.28,114.49,110.8,116.04,114.48,115.46,116.23,118.34,119.14,95.09,95.36,95.43,94.61,96.5,97.06,98.94,99.16,100.38,101.29,101.41,102.18,102.93,103.45,103.95,104.51,104.97,105.38,105.78,106.12,107.01,107.71,108.04,108.61,108.45,109.26,109.91,110.1,112.48,111.16,110.85,113.6,110.26,112.55,114.36,115.43,116.49,115.14,116.37,119.44,97.85,96.84,98.28,98.39,98.36,98.56,99.57,99.77,101.06,101.86,101.98,102.63,103.29,103.82,104.33,104.82,105.26,105.3,105.71,106.07,106.41,107.59,107.63,108.51,109.0,109.18,109.5,113.86,114.97,114.52,114.27,110.74,108.53,108.86,109.39,112.64,116.45,117.59,120.86,121.34,98.68,99.02,98.68,98.78,99.27,100.37,100.62,101.38,101.65,102.32,102.51,103.08,103.7,104.2,104.66,104.72,105.1,105.54,105.91,106.29,108.43,108.86,107.27,108.88,109.32,109.22,109.79,114.41,109.69,114.06,113.81,108.44,108.81,110.56,110.79,111.32,112.34,114.84,115.06,115.43,99.59,99.73,99.43,100.7,100.79,100.91,101.14,101.74,101.78,102.64,103.38,103.48,103.96,104.51,104.91,104.98,105.36,105.79,106.16,108.62,108.86,109.12,108.11,107.78,108.0,109.72,108.44,109.37,106.97,110.92,108.69,109.07,107.7,109.51,109.69,109.6,112.89,115.47,116.26,116.56,101.18,100.81,101.07,101.23,101.41,101.31,102.12,102.16,102.94,103.06,103.63,103.8,104.28,104.75,104.82,105.29,105.64,106.02,107.03,108.77,108.79,109.03,108.62,108.89,109.06,109.23,110.15,110.33,107.81,110.35,110.19,113.41,109.55,112.09,108.35,112.18,113.23,113.13,116.51,118.51,101.69,101.57,101.69,101.63,102.26,102.57,102.72,102.7,103.34,103.39,104.06,104.46,104.6,105.04,105.47,105.49,105.89,106.74,112.09,112.35,113.38,109.13,109.47,109.38,113.56,111.81,106.83,110.25,110.11,110.18,109.33,109.81,109.64,110.28,109.74,113.31,113.25,112.49,113.54,115.03,102.87,102.8,102.81,102.78,102.95,103.07,103.15,103.62,103.79,104.31,104.4,104.83,104.89,105.28,105.67,105.79,106.11,107.68,107.49,108.85,114.04,113.82,112.05,109.43,109.91,113.84,112.49,109.79,110.48,109.39,109.24,110.04,111.16,113.49,113.2,109.96,110.19,109.56,115.04,114.93,103.31,103.25,103.36,103.29,103.33,103.88,103.98,104.02,104.4,104.49,104.66,105.0,105.4,105.5,105.92,106.0,108.51,107.66,110.4,110.51,113.62,113.65,115.11,115.71,114.79,113.0,114.39,111.46,109.9,110.98,111.66,109.61,110.08,108.84,108.68,109.53,112.9,115.62,115.37,115.86,103.68,103.67,103.8,104.12,104.07,104.24,104.3,104.36,104.72,104.75,105.16,105.3,105.67,105.79,106.17,107.58,108.64,108.87,112.82,111.76,112.25,114.11,111.88,112.31,113.87,114.3,113.09,111.65,112.51,113.93,112.92,113.66,115.03,108.98,110.22,110.49,110.24,110.35,115.12,110.2,104.33,104.27,104.33,104.39,104.47,104.51,104.82,104.91,104.98,105.42,105.48,105.63,105.95,106.02,106.41,106.5,107.53,108.98,109.11,109.3,114.45,109.58,112.38,115.09,114.71,115.59,116.24,114.76,115.08,114.02,112.04,113.76,110.64,110.87,110.64,111.73,116.23,110.48,110.4,115.02,104.62,104.66,104.75,104.73,105.04,105.07,105.03,105.17,105.56,105.67,105.71,106.11,106.83,106.7,107.7,106.95,108.33,108.62,109.24,109.41,114.34,116.39,112.24,109.69,116.1,110.61,112.55,113.53,113.44,114.67,111.38,112.01,109.87,111.47,110.6,114.87,111.0,109.53,114.39,111.78,105.29,105.25,105.29,105.34,105.33,105.28,107.41,106.69,106.61,106.17,108.01,106.16,106.15,107.47,107.25,107.39,107.42,109.21,109.49,108.81,109.49,113.78,114.91,114.12,112.53,111.5,112.43,110.3,112.48,113.2,110.41,110.62,110.46,109.7,109.09,109.03,110.45,115.7,109.47,110.07,105.57,107.64,107.65,107.66,107.04,107.29,107.3,108.03,107.76,108.39,107.39,107.8,106.88,108.77,108.84,107.77,107.87,109.17,109.59,109.45,109.47,110.01,115.5,115.48,112.95,111.62,112.55,111.19,113.4,112.91,109.31,109.1,111.12,112.55,112.53,110.32,109.96,110.0,109.94,110.14,107.79,106.91,105.78,107.43,107.9,107.91,107.82,107.74,108.61,108.64,108.53,108.4,106.74,108.3,108.31,107.48,107.55,109.03,109.69,109.21,109.23,109.83,110.31,109.61,109.5,108.25,110.41,110.37,109.69,110.25,115.78,115.93,112.3,109.91,114.0,118.15,109.97,109.51,109.92,116.71,107.41,107.5,106.81,106.32,107.95,108.27,108.62,108.34,108.74,108.6,108.69,108.98,108.56,109.17,108.81,107.48,108.1,109.18,109.08,109.79,109.86,111.22,110.37,110.32,111.08,108.85,111.11,108.81,109.39,110.63,112.15,111.84,111.8,110.81,110.68,111.29,109.65,110.18,110.27,110.25,107.58,108.35,106.59,106.61,107.56,108.01,108.75,108.89,108.72,108.29,108.66,109.04,109.0,108.69,109.36,108.59,109.69,109.71,108.98,108.6,109.27,110.0,108.62,113.75,110.37,109.28,111.45,111.64,110.08,110.1,109.41,109.68,111.69,109.79,111.3,111.42,112.16,110.61,109.73,110.12,107.34,108.58,107.85,107.02,108.45,108.46,108.88,108.43,108.79,108.7,109.26,108.53,109.31,109.07,109.72,109.65,109.51,109.77,110.18,110.07,110.16,110.17,110.53,111.31,109.33,109.59,110.14,110.26,111.45,112.08,109.44,111.33,109.05,109.42,116.44,109.43,110.0,110.35,110.16,117.15,108.66,108.66,108.41,108.02,108.84,108.57,109.22,108.83,109.39,109.32,109.22,109.56,109.38,109.69,109.84,109.84,109.85,110.04,110.06,109.89,110.51,110.76,110.76,108.43,109.14,110.19,109.95,109.94,110.15,109.6,109.24,109.94,110.64,110.17,109.32,109.96,110.05,110.36,109.51,117.9,107.23,109.28,109.27,109.07,109.1,109.43,109.46,109.33,109.8,109.82,109.52,109.74,109.9,109.92,109.81,110.07,110.09,110.37,110.3,109.22,109.94,110.09,109.53,109.29,108.95,109.18,109.31,110.37,109.85,108.91,108.99,109.7,111.69,110.7,115.53,116.94,117.01,109.44,120.55,120.41,109.42,109.21,109.09,109.49,109.41,109.41,109.5,109.45,109.68,109.26,109.57,110.03,110.03,110.09,109.81,110.26,110.33,109.0,109.1,109.2,109.86,109.62,109.45,109.73,109.7,109.71,109.3,110.44,109.11,109.11,109.27,109.26,109.18,110.47,110.37,110.97,110.87,117.81,122.4,123.54,109.27,109.62,109.71,109.71,109.78,109.79,109.78,109.79,109.75,109.22,110.09,110.07,110.19,109.57,110.09,110.37,110.56,110.4,109.24,109.26,109.5,109.71,109.84,109.97,109.86,109.51,109.09,109.71,111.59,110.23,109.41,116.09,111.9,109.43,110.66,111.53,118.43,121.24,122.55,122.95,109.6,109.45,109.96,109.87,109.89,109.94,109.87,109.9,109.93,109.09,109.86,109.97,110.37,110.24,109.9,110.42,110.64,109.61,109.13,110.26,110.28,109.66,109.74,110.1,110.14,110.06,111.49,110.66,116.42,110.81,116.93,109.79,118.17,116.94,110.88,112.45,112.42,122.67,123.9,123.79,110.11,109.95,110.06,109.73,109.96,114.15,109.95,110.1,109.63,109.67,109.71,109.48,110.46,110.48,110.55,110.56,110.81,110.07,110.08,110.61,110.62,110.38,110.03,110.65,110.4,110.06,113.88,117.74,116.19,119.28,119.51,110.9,118.35,119.62,118.81,120.38,120.47,121.26,123.26,121.09,110.24,111.01,110.33,110.33,110.29,110.23,109.98,109.59,110.37,110.43,110.39,109.74,110.54,115.48,110.76,113.36,110.97,110.11,111.09,110.65,111.29,109.69,110.2,110.27,111.52,110.19,110.68,115.37,118.27,117.03,122.04,119.94,119.26,119.22,111.57,120.86,113.36,123.39,121.0,121.49,110.19,109.57,109.88,109.89,110.3,110.31,113.35,110.41,114.53,110.57,110.45,110.68,110.43,111.95,111.8,109.83,110.64,111.12,111.16,111.25,111.4,110.82,110.31,110.15,110.82,110.32,110.73,112.1,116.02,111.92,121.66,120.07,112.53,112.51,113.44,120.6,123.89,122.39,120.31,122.95,110.13,115.83,110.13,110.08,110.21,111.51,110.29,113.97,110.49,110.28,110.56,110.74,109.92,109.73,109.54,110.56,113.06,110.72,111.22,111.42,111.44,110.52,110.69,110.97,113.88,111.09,111.97,111.74,111.52,111.81,111.75,111.96,119.1,111.72,113.76,114.18,121.98,124.72,120.77,122.26,110.68,114.9,110.58,110.69,110.6,113.19,110.49,115.8,110.8,112.09,110.39,110.8,110.08,110.09,110.42,110.33,110.33,113.99,111.23,111.25,111.48,111.43,110.95,111.46,111.57,113.08,113.87,111.78,111.6,111.99,111.78,112.51,112.39,111.76,111.65,112.12,121.8,124.34,121.75,123.0,110.89,115.45,110.16,109.9,110.81,110.82,110.64,116.23,115.91,111.85,108.71,109.69,109.94,109.9,111.07,111.91,110.73,110.86,116.18,111.37,111.33,111.92,111.49,111.68,111.9,116.37,113.62,112.01,112.63,118.85,119.14,111.66,111.01,121.39,121.51,120.7,111.36,122.77,123.54,124.12,110.74,113.3,110.67,109.44,110.9,110.87,111.03,115.56,115.85,110.32,108.73,109.88,110.0,110.24,110.95,112.64,114.43,109.79,119.81,114.78,114.94,114.79,111.89,112.03,112.15,116.6,112.19,113.5,111.68,119.98,120.13,120.54,111.72,121.39,123.41,123.98,122.13,123.01,124.72,124.85,114.39,112.02,110.72,109.46,110.55,109.58,108.75,109.35,110.85,108.63,108.89,111.04,110.05,110.57,110.29,109.7,111.92,110.46,116.92,111.99,111.82,111.93,114.97,117.04,112.22,116.94,113.81,111.81,112.46,114.49,112.35,121.0,121.66,121.69,124.23,124.33,125.44,124.0,124.44,125.69,112.74,112.55,109.71,109.71,109.71,109.92,110.15,110.75,110.76,109.22,110.33,113.85,110.86,110.76,110.51,109.15,109.92,111.56,112.38,113.73,111.66,112.08,114.29,112.27,111.88,111.94,112.47,113.48,113.84,113.56,121.32,121.24,121.11,121.91,124.51,125.09,126.33,125.86,125.98,124.36,111.06,110.68,109.88,109.88,110.28,109.98,111.88,110.63,111.38,110.06,113.68,109.39,110.85,113.31,112.03,109.7,110.09,111.45,111.4,113.69,111.86,112.02,112.07,111.91,115.6,114.67,116.69,116.4,113.2,114.34,113.34,112.29,122.23,122.99,123.13,125.98,123.83,124.88,125.52,125.56,111.08,112.61,109.71,110.01,110.17,110.98,112.56,110.19,109.5,110.71,109.06,109.21,110.77,112.17,111.6,110.19,109.48,110.5,111.98,111.12,113.52,111.78,112.27,111.95,111.96,114.93,116.4,112.71,113.11,125.47,125.53,125.48,123.32,123.8,123.99,125.36,125.95,126.02,125.01,126.91