83.08,81.67,80.53,80.07,80.53,81.67,83.08,84.51,85.84,87.06,88.16,89.16,90.07,90.9,91.67,92.38,93.03,93.65,94.22,94.76,95.27,95.75,96.21,96.65,97.06,97.46,97.84,98.2,98.55,98.89,99.21,99.52,99.82,100.11,100.4,100.67,100.94,101.19,101.44,101.69,81.67,79.56,77.52,76.55,77.52,79.56,81.67,83.54,85.15,86.55,87.77,88.85,89.82,90.7,91.5,92.23,92.91,93.54,94.13,94.68,95.2,95.69,96.15,96.59,97.01,97.41,97.8,98.16,98.52,98.85,99.18,99.49,99.8,100.09,100.37,100.65,100.92,101.17,101.42,101.67,80.53,77.52,73.54,70.53,73.54,77.52,80.53,82.83,84.68,86.21,87.52,88.66,89.67,90.57,91.39,92.14,92.83,93.47,94.07,94.63,95.15,95.65,96.12,96.56,96.98,97.39,97.77,98.14,98.5,98.84,99.16,99.48,99.78,100.08,100.36,100.64,100.9,101.16,101.41,101.66,80.07,76.55,70.53,67.52,70.53,76.55,80.07,82.57,84.51,86.09,87.43,88.59,89.61,90.53,91.36,92.11,92.81,93.45,94.05,94.61,95.14,95.63,96.1,96.55,96.97,97.38,97.76,98.13,98.49,98.83,99.16,99.47,99.78,100.07,100.36,100.63,100.9,101.16,101.41,101.66,80.53,77.52,73.54,70.53,73.54,77.52,80.53,82.83,84.68,86.21,87.52,88.66,89.67,90.57,91.39,92.14,92.83,93.47,94.07,94.63,95.15,95.65,96.12,96.56,96.98,97.39,97.77,98.14,98.5,98.84,99.16,99.48,99.78,100.08,100.36,100.64,100.9,101.16,101.41,101.66,81.67,79.56,77.52,76.55,77.52,79.56,81.67,83.54,85.15,86.55,87.77,88.85,89.82,90.7,91.5,92.23,92.91,93.54,94.13,94.68,95.2,95.69,96.15,96.59,97.01,97.41,97.8,98.16,98.52,98.85,99.18,99.49,99.8,100.09,100.37,100.65,100.92,101.17,101.42,101.67,83.08,81.67,80.53,80.07,80.53,81.67,83.08,84.51,85.84,87.06,88.16,89.16,90.07,90.9,91.67,92.38,93.03,93.65,94.22,94.76,95.27,95.75,96.21,96.65,97.06,97.46,97.84,98.2,98.55,98.89,99.21,99.52,99.82,100.11,100.4,100.67,100.94,101.19,101.44,101.69,84.51,83.54,82.83,82.57,82.83,83.54,84.51,85.58,86.66,87.69,88.66,89.56,90.4,91.17,91.9,92.57,93.2,93.79,94.35,94.87,95.37,95.84,96.29,96.72,97.13,97.52,97.89,98.25,98.6,98.93,99.25,99.56,99.86,100.15,100.43,100.7,100.96,101.22,101.47,101.71,85.84,85.15,84.68,84.51,84.68,85.15,85.84,86.66,87.52,88.38,89.22,90.02,90.78,91.5,92.17,92.81,93.41,93.97,94.51,95.02,95.5,95.96,96.4,96.81,97.21,97.6,97.96,98.32,98.66,98.99,99.3,99.61,99.9,100.19,100.47,100.74,101.0,101.25,101.5,101.74,87.06,86.55,86.21,86.09,86.21,86.55,87.06,87.69,88.38,89.1,89.82,90.53,91.21,91.86,92.49,93.08,93.65,94.18,94.7,95.18,95.65,96.09,96.52,96.92,97.31,97.69,98.05,98.4,98.73,99.05,99.37,99.67,99.96,100.24,100.52,100.78,101.04,101.29,101.54,101.77,88.16,87.77,87.52,87.43,87.52,87.77,88.16,88.66,89.22,89.82,90.44,91.06,91.67,92.26,92.83,93.38,93.91,94.42,94.91,95.37,95.82,96.25,96.66,97.05,97.43,97.8,98.15,98.49,98.82,99.13,99.44,99.74,100.02,100.3,100.57,100.84,101.09,101.34,101.58,101.82,89.16,88.85,88.66,88.59,88.66,88.85,89.16,89.56,90.02,90.53,91.06,91.6,92.14,92.68,93.2,93.71,94.2,94.68,95.14,95.58,96.01,96.42,96.81,97.19,97.56,97.92,98.26,98.59,98.91,99.22,99.52,99.81,100.1,100.37,100.64,100.9,101.15,101.39,101.63,101.86,90.07,89.82,89.67,89.61,89.67,89.82,90.07,90.4,90.78,91.21,91.67,92.14,92.62,93.11,93.58,94.05,94.51,94.95,95.39,95.81,96.21,96.6,96.98,97.35,97.71,98.05,98.38,98.7,99.02,99.32,99.61,99.9,100.18,100.45,100.71,100.96,101.21,101.45,101.69,101.92,90.9,90.7,90.57,90.53,90.57,90.7,90.9,91.17,91.5,91.86,92.26,92.68,93.11,93.54,93.97,94.4,94.83,95.24,95.65,96.04,96.43,96.8,97.17,97.52,97.86,98.19,98.52,98.83,99.13,99.43,99.71,99.99,100.27,100.53,100.79,101.04,101.28,101.52,101.75,101.98,91.67,91.5,91.39,91.36,91.39,91.5,91.67,91.9,92.17,92.49,92.83,93.2,93.58,93.97,94.37,94.76,95.15,95.54,95.92,96.29,96.66,97.01,97.36,97.7,98.03,98.35,98.66,98.96,99.26,99.54,99.82,100.1,100.36,100.62,100.87,101.12,101.36,101.59,101.82,102.04,92.38,92.23,92.14,92.11,92.14,92.23,92.38,92.57,92.81,93.08,93.38,93.71,94.05,94.4,94.76,95.12,95.48,95.84,96.2,96.55,96.89,97.23,97.56,97.88,98.2,98.51,98.81,99.1,99.39,99.67,99.94,100.2,100.46,100.72,100.96,101.2,101.44,101.67,101.89,102.11,93.03,92.91,92.83,92.81,92.83,92.91,93.03,93.2,93.41,93.65,93.91,94.2,94.51,94.83,95.15,95.48,95.82,96.15,96.48,96.81,97.14,97.46,97.77,98.08,98.38,98.68,98.97,99.25,99.53,99.8,100.06,100.32,100.57,100.82,101.06,101.3,101.53,101.75,101.97,102.19,93.65,93.54,93.47,93.45,93.47,93.54,93.65,93.79,93.97,94.18,94.42,94.68,94.95,95.24,95.54,95.84,96.15,96.46,96.77,97.08,97.39,97.69,97.99,98.28,98.57,98.85,99.13,99.41,99.67,99.93,100.19,100.44,100.69,100.93,101.16,101.39,101.62,101.84,102.05,102.27,94.22,94.13,94.07,94.05,94.07,94.13,94.22,94.35,94.51,94.7,94.91,95.14,95.39,95.65,95.92,96.2,96.48,96.77,97.06,97.35,97.64,97.92,98.21,98.49,98.76,99.04,99.3,99.57,99.82,100.08,100.32,100.57,100.81,101.04,101.27,101.49,101.71,101.93,102.14,102.35,94.76,94.68,94.63,94.61,94.63,94.68,94.76,94.87,95.02,95.18,95.37,95.58,95.8,96.04,96.29,96.55,96.81,97.08,97.35,97.62,97.89,98.16,98.43,98.7,98.96,99.22,99.48,99.73,99.98,100.22,100.46,100.7,100.93,101.16,101.38,101.6,101.82,102.03,102.23,102.44,95.27,95.2,95.15,95.14,95.15,95.2,95.27,95.37,95.5,95.65,95.82,96.01,96.21,96.43,96.66,96.89,97.14,97.39,97.64,97.89,98.15,98.4,98.66,98.91,99.16,99.41,99.66,99.9,100.14,100.37,100.61,100.83,101.06,101.28,101.5,101.71,101.92,102.13,102.33,102.53,95.75,95.69,95.65,95.63,95.65,95.69,95.75,95.84,95.96,96.09,96.25,96.42,96.6,96.8,97.01,97.23,97.46,97.69,97.92,98.16,98.4,98.64,98.89,99.13,99.37,99.6,99.84,100.07,100.3,100.53,100.75,100.97,101.19,101.41,101.62,101.83,102.03,102.23,102.43,102.62,96.21,96.15,96.12,96.1,96.12,96.15,96.21,96.29,96.39,96.52,96.66,96.81,96.98,97.17,97.36,97.56,97.77,97.99,98.21,98.43,98.66,98.89,99.11,99.34,99.57,99.8,100.02,100.25,100.47,100.69,100.9,101.12,101.33,101.54,101.74,101.94,102.14,102.34,102.53,102.72,96.65,96.59,96.56,96.55,96.56,96.59,96.65,96.72,96.81,96.92,97.05,97.19,97.35,97.52,97.7,97.88,98.08,98.28,98.49,98.7,98.91,99.13,99.34,99.56,99.78,99.99,100.21,100.42,100.64,100.85,101.06,101.26,101.47,101.67,101.87,102.06,102.26,102.45,102.64,102.82,97.06,97.01,96.98,96.97,96.98,97.01,97.06,97.13,97.21,97.31,97.43,97.56,97.71,97.86,98.03,98.2,98.38,98.57,98.76,98.96,99.16,99.37,99.57,99.78,99.98,100.19,100.4,100.6,100.81,101.01,101.21,101.41,101.61,101.8,102.0,102.19,102.38,102.56,102.75,102.93,97.46,97.41,97.39,97.38,97.39,97.41,97.46,97.52,97.6,97.69,97.8,97.92,98.05,98.19,98.35,98.51,98.68,98.85,99.03,99.22,99.41,99.6,99.8,99.99,100.19,100.39,100.58,100.78,100.98,101.17,101.37,101.56,101.75,101.94,102.13,102.31,102.5,102.68,102.86,103.03,97.84,97.8,97.77,97.76,97.77,97.8,97.84,97.89,97.96,98.05,98.15,98.26,98.38,98.52,98.66,98.81,98.97,99.13,99.3,99.48,99.66,99.84,100.02,100.21,100.4,100.58,100.77,100.96,101.15,101.34,101.53,101.71,101.9,102.08,102.26,102.44,102.62,102.79,102.97,103.14,98.2,98.16,98.14,98.13,98.14,98.16,98.2,98.25,98.32,98.4,98.49,98.59,98.7,98.83,98.96,99.1,99.25,99.4,99.56,99.73,99.9,100.07,100.25,100.42,100.6,100.78,100.96,101.14,101.32,101.5,101.68,101.86,102.04,102.22,102.4,102.57,102.74,102.91,103.08,103.25,98.55,98.52,98.49,98.49,98.49,98.52,98.55,98.6,98.66,98.73,98.82,98.91,99.02,99.13,99.26,99.39,99.53,99.67,99.82,99.98,100.14,100.3,100.47,100.64,100.81,100.98,101.15,101.32,101.5,101.67,101.84,102.02,102.19,102.36,102.53,102.7,102.87,103.04,103.2,103.36,98.89,98.85,98.83,98.83,98.83,98.85,98.89,98.93,98.99,99.05,99.13,99.22,99.32,99.43,99.54,99.67,99.8,99.93,100.08,100.22,100.37,100.53,100.69,100.85,101.01,101.17,101.34,101.5,101.67,101.84,102.01,102.17,102.34,102.5,102.67,102.83,103.0,103.16,103.32,103.48,99.21,99.18,99.16,99.16,99.16,99.18,99.21,99.25,99.3,99.37,99.44,99.52,99.61,99.71,99.82,99.94,100.06,100.19,100.32,100.46,100.61,100.75,100.9,101.06,101.21,101.37,101.53,101.68,101.84,102.01,102.17,102.33,102.49,102.65,102.81,102.97,103.12,103.28,103.44,103.59,99.52,99.49,99.48,99.47,99.48,99.49,99.52,99.56,99.61,99.67,99.74,99.81,99.9,99.99,100.09,100.2,100.32,100.44,100.57,100.7,100.83,100.97,101.12,101.26,101.41,101.56,101.71,101.86,102.02,102.17,102.33,102.48,102.64,102.79,102.95,103.1,103.25,103.41,103.56,103.71,99.82,99.8,99.78,99.78,99.78,99.8,99.82,99.86,99.9,99.96,100.02,100.1,100.18,100.26,100.36,100.46,100.57,100.69,100.81,100.93,101.06,101.19,101.33,101.47,101.61,101.75,101.9,102.04,102.19,102.34,102.49,102.64,102.79,102.94,103.09,103.24,103.38,103.53,103.68,103.83,100.11,100.09,100.08,100.07,100.08,100.09,100.11,100.15,100.19,100.24,100.3,100.37,100.45,100.53,100.62,100.72,100.82,100.93,101.04,101.16,101.28,101.41,101.54,101.67,101.8,101.94,102.08,102.22,102.36,102.5,102.65,102.79,102.94,103.08,103.23,103.37,103.51,103.66,103.8,103.94,100.4,100.37,100.36,100.36,100.36,100.37,100.4,100.43,100.47,100.52,100.57,100.64,100.71,100.79,100.87,100.96,101.06,101.16,101.27,101.38,101.5,101.62,101.74,101.87,102.0,102.13,102.26,102.39,102.53,102.67,102.81,102.95,103.09,103.23,103.37,103.51,103.65,103.79,103.92,104.06,100.67,100.65,100.64,100.63,100.64,100.65,100.67,100.7,100.74,100.78,100.83,100.89,100.96,101.04,101.12,101.2,101.29,101.39,101.49,101.6,101.71,101.83,101.94,102.06,102.19,102.31,102.44,102.57,102.7,102.83,102.97,103.1,103.24,103.37,103.51,103.64,103.78,103.91,104.05,104.18,100.94,100.92,100.9,100.9,100.9,100.92,100.93,100.96,101.0,101.04,101.09,101.15,101.21,101.28,101.36,101.44,101.53,101.62,101.71,101.82,101.92,102.03,102.14,102.26,102.38,102.5,102.62,102.74,102.87,103.0,103.12,103.25,103.38,103.51,103.65,103.78,103.91,104.04,104.17,104.3,101.19,101.17,101.16,101.16,101.16,101.17,101.19,101.22,101.25,101.29,101.34,101.39,101.45,101.52,101.59,101.67,101.75,101.84,101.93,102.03,102.13,102.23,102.34,102.45,102.56,102.68,102.79,102.91,103.03,103.16,103.28,103.41,103.53,103.66,103.79,103.91,104.04,104.17,104.3,104.42,101.44,101.42,101.41,101.41,101.41,101.42,101.44,101.47,101.5,101.54,101.58,101.63,101.69,101.75,101.82,101.89,101.97,102.05,102.14,102.23,102.33,102.43,102.53,102.64,102.74,102.86,102.97,103.08,103.2,103.32,103.44,103.56,103.68,103.8,103.92,104.05,104.17,104.3,104.42,104.54,101.69,101.67,101.66,101.66,101.66,101.67,101.68,101.71,101.74,101.77,101.82,101.86,101.92,101.98,102.04,102.11,102.19,102.27,102.35,102.44,102.53,102.62,102.72,102.82,102.93,103.03,103.14,103.25,103.36,103.48,103.59,103.71,103.83,103.94,104.06,104.18,104.3,104.42,104.54,104.66
89.19,85.53,85.07,83.89,86.45,86.89,89.66,92.78,93.15,96.29,97.52,98.95,100.35,101.32,102.01,102.69,103.39,103.89,104.32,104.76,105.2,105.56,105.93,108.41,109.95,113.53,114.12,114.51,115.1,110.64,116.0,115.75,113.25,111.96,111.46,113.57,111.58,111.29,112.09,113.19,86.06,79.82,81.3,72.0,82.94,84.84,87.82,89.99,94.49,96.35,98.23,99.33,100.67,101.36,102.11,102.85,103.43,103.95,104.4,104.84,105.28,105.65,106.01,106.34,108.71,108.99,108.9,113.01,115.42,115.4,111.76,112.65,111.05,111.11,111.2,112.49,111.59,112.84,108.52,110.39,80.79,70.24,0.0,0.0,0.0,74.85,84.76,87.63,92.64,94.94,96.65,98.23,99.62,100.7,101.58,102.93,103.44,103.96,104.43,104.9,105.3,105.67,106.02,106.37,108.76,108.46,109.28,110.88,113.7,114.38,109.62,112.15,108.11,111.57,114.67,115.34,115.33,114.19,110.28,112.27,81.24,70.87,0.0,0.0,0.0,75.87,86.42,88.72,92.31,95.05,97.01,98.48,99.78,100.73,101.6,102.33,103.42,103.97,104.41,104.87,105.27,105.66,106.01,106.36,109.22,110.54,109.32,109.72,112.88,108.65,113.3,115.7,113.0,114.4,114.92,113.05,113.34,113.53,115.92,112.15,83.28,72.77,0.0,0.0,0.0,74.88,83.28,87.63,91.63,93.81,96.65,98.61,99.85,100.7,101.45,102.87,103.49,104.0,104.47,104.88,105.3,105.64,106.02,107.96,107.47,108.1,108.1,110.04,108.66,113.76,114.64,114.76,114.93,111.68,112.43,116.24,116.63,117.37,117.56,116.05,86.63,82.06,81.3,71.6,81.3,82.06,86.06,91.38,94.08,96.64,98.23,99.72,100.67,101.28,102.11,102.88,103.43,103.92,104.46,104.89,105.29,105.65,106.0,106.86,107.86,108.43,108.46,107.89,109.84,112.81,109.86,107.37,108.06,108.52,109.44,114.61,110.98,116.09,112.04,115.44,89.66,86.89,86.45,82.87,84.15,84.74,88.76,93.64,93.57,96.29,98.18,99.42,100.59,101.38,101.94,102.69,103.39,103.91,100.89,101.9,105.25,105.61,105.93,108.53,108.02,108.23,109.29,109.44,108.04,109.31,113.47,114.56,112.33,108.78,109.48,113.51,115.13,112.55,115.76,115.22,92.2,91.69,88.21,86.7,86.88,90.81,92.2,95.68,96.0,97.51,98.93,100.27,101.16,101.83,102.48,103.2,103.78,104.28,104.76,105.17,105.58,105.93,106.25,108.67,108.95,109.15,109.34,109.4,109.72,108.72,108.81,106.74,109.35,108.12,108.75,113.72,111.3,115.24,115.59,118.47,94.64,94.29,94.03,93.92,93.6,93.88,93.85,96.67,96.97,98.66,99.71,100.88,101.71,101.74,102.4,103.04,103.68,104.19,104.69,105.11,105.51,105.87,106.18,106.84,108.36,109.08,108.94,109.63,109.8,107.93,108.41,106.46,107.83,111.41,109.43,110.07,111.48,112.26,117.56,118.03,96.77,95.61,94.75,94.67,95.43,95.95,97.54,97.79,99.25,99.65,100.56,101.36,101.48,102.31,102.9,103.45,103.95,104.51,104.95,105.39,105.77,106.12,107.14,106.95,108.65,109.23,109.53,109.76,109.8,109.19,106.71,107.12,108.08,108.78,109.02,109.66,115.24,117.23,115.8,115.89,97.93,97.74,97.62,96.27,98.07,98.19,98.15,98.36,99.4,99.91,101.13,101.91,102.03,102.71,103.25,103.82,104.35,104.79,105.26,105.31,105.68,106.02,107.19,106.98,107.3,109.17,109.49,109.7,109.94,109.18,109.25,111.07,108.16,108.96,110.05,109.94,111.91,114.98,114.05,113.79,99.1,98.38,98.68,98.84,99.05,98.78,99.1,100.12,100.29,101.19,101.44,102.27,102.39,103.04,103.62,104.18,104.63,104.69,105.17,105.54,105.91,106.29,107.06,111.61,110.5,109.44,109.67,109.87,110.1,109.51,109.69,108.03,108.08,108.86,109.39,111.11,112.19,113.09,111.55,116.12,100.68,100.58,99.59,99.4,99.59,100.7,100.89,101.01,101.05,101.95,101.95,102.64,103.35,103.45,104.02,104.46,104.94,105.02,105.41,105.79,108.93,107.29,107.54,106.64,113.76,113.07,111.21,105.02,105.85,109.37,109.29,109.63,108.86,109.43,108.2,111.05,112.12,113.65,112.76,113.89,101.41,101.23,101.18,101.06,101.28,101.42,101.49,101.51,102.31,102.5,103.09,103.18,103.7,103.77,104.28,104.79,104.84,105.27,105.66,106.06,108.35,109.62,111.33,108.05,109.02,111.9,111.93,115.26,112.94,111.54,109.34,107.5,109.04,109.23,112.24,109.28,109.92,110.59,113.81,112.73,102.42,101.82,101.94,101.77,101.78,101.9,102.6,102.63,102.6,102.82,103.29,103.52,103.93,104.46,104.6,105.04,105.47,105.54,105.91,106.3,108.62,108.67,108.91,112.8,113.01,113.76,115.12,109.94,109.74,111.81,110.9,111.58,111.75,110.0,111.01,110.89,109.55,111.64,113.08,113.38,102.83,102.78,102.92,102.86,102.74,102.96,103.01,102.9,103.04,103.52,103.62,104.21,104.3,104.81,104.93,105.32,105.69,105.75,106.11,106.35,108.29,108.88,108.58,112.59,110.82,116.1,113.74,111.04,114.24,112.57,111.77,111.48,112.98,111.61,114.1,110.42,109.77,110.2,110.54,110.62,103.21,103.09,103.14,103.19,103.26,103.29,103.27,103.75,103.91,103.9,104.4,104.62,104.66,105.12,105.51,105.58,105.93,105.96,106.93,108.07,108.83,111.69,108.59,109.3,113.85,114.82,115.18,116.25,114.26,110.29,111.28,111.4,111.16,111.38,111.18,113.73,108.54,110.32,110.22,113.03,104.07,103.93,103.67,103.61,103.62,103.98,103.91,104.07,104.18,104.33,104.72,104.88,105.25,105.32,105.74,105.82,107.48,108.5,108.57,108.81,109.04,113.92,113.25,109.1,114.97,115.09,114.62,110.85,111.39,114.13,113.35,113.02,111.05,110.04,110.03,115.51,110.33,109.27,114.71,109.26,104.38,104.3,104.33,104.37,104.33,104.24,104.16,104.26,104.72,104.91,105.01,105.28,105.48,105.6,105.98,106.05,107.63,107.84,108.76,113.23,109.08,110.14,113.9,109.47,112.53,113.43,111.06,109.81,113.43,114.06,112.56,111.16,112.57,109.13,110.23,108.64,109.71,109.19,114.51,111.78,104.95,104.59,104.58,104.57,104.52,104.48,104.9,105.03,105.15,105.17,105.56,106.44,105.69,107.33,107.34,106.97,107.57,108.06,108.92,109.1,114.31,109.26,109.28,109.24,111.82,112.0,113.59,112.33,114.46,113.87,111.52,109.36,111.95,110.77,114.68,111.56,110.24,109.59,110.47,112.03,105.25,105.21,105.18,105.12,105.12,107.15,105.25,105.32,105.47,105.79,107.98,107.81,107.87,108.11,108.05,107.73,107.74,108.11,109.12,109.31,109.5,113.9,109.67,111.34,111.38,109.57,110.15,110.88,108.4,111.35,114.53,111.02,109.58,111.44,112.12,109.92,110.06,110.6,109.6,111.65,107.61,105.3,105.85,106.65,107.52,107.24,105.61,107.08,107.57,108.15,108.14,107.97,108.39,108.45,108.63,108.44,108.62,108.63,109.19,109.2,109.65,109.68,114.87,109.44,111.78,109.68,113.74,109.74,108.62,108.93,110.27,109.99,111.1,109.95,113.27,109.64,109.51,109.08,109.63,109.45,107.9,107.71,107.71,107.79,108.06,108.01,108.26,108.29,108.09,108.33,107.17,107.99,108.55,108.73,108.76,108.11,108.13,109.37,109.4,109.69,109.74,110.03,110.06,115.58,109.9,109.55,109.54,109.3,109.52,109.34,110.61,109.0,109.83,109.4,111.33,108.76,109.09,109.94,109.43,116.47,108.06,108.18,108.15,108.28,108.11,108.12,108.16,108.52,107.93,106.64,106.72,108.46,108.83,108.94,108.94,107.4,108.56,109.57,109.61,108.53,108.88,108.45,109.11,114.11,111.01,110.74,109.66,112.38,111.53,111.44,108.87,108.8,108.85,113.76,109.31,114.77,109.23,110.49,111.1,117.71,108.53,108.44,107.52,108.42,108.54,108.54,108.69,108.28,108.33,108.69,108.07,108.82,109.05,109.09,109.19,109.21,107.63,109.14,109.21,108.91,109.57,110.05,108.7,109.0,110.79,110.58,111.49,111.7,111.95,109.05,109.62,110.58,110.22,111.77,110.51,110.44,109.84,110.35,111.67,117.7,107.96,108.52,108.93,108.57,108.81,108.81,108.94,107.63,107.53,107.63,108.49,109.13,112.6,109.25,109.31,109.51,108.75,108.34,108.84,108.46,108.56,108.41,108.69,108.87,109.06,108.06,110.83,108.45,108.25,108.92,109.09,109.65,109.91,110.62,110.9,109.45,110.39,110.35,119.56,117.93,108.97,108.94,108.94,108.14,108.94,108.94,108.74,107.97,107.61,108.18,108.49,109.16,109.64,109.53,109.58,109.68,109.22,109.18,109.19,109.73,109.99,108.74,108.76,109.35,109.71,111.54,113.6,110.92,109.61,109.14,108.31,108.69,110.18,111.95,111.06,109.72,112.44,115.7,121.5,122.76,109.3,109.19,109.06,109.37,109.36,109.36,108.7,107.49,108.25,108.9,107.89,109.24,109.75,109.36,109.97,110.0,109.8,109.42,109.43,109.77,109.14,109.14,109.58,109.41,109.73,109.84,113.22,114.28,111.89,111.65,109.74,110.33,112.38,111.83,112.61,111.05,116.72,122.29,120.53,123.68,109.03,109.41,109.34,109.47,109.48,108.45,107.85,108.73,107.93,107.98,108.4,109.03,109.38,114.19,109.98,109.81,110.04,109.82,109.96,109.45,109.78,108.92,109.17,109.39,109.85,110.28,111.08,116.13,112.93,113.42,112.16,110.84,117.21,118.18,118.39,109.29,122.82,123.47,123.15,119.82,108.23,109.24,108.2,108.05,108.78,109.4,109.14,108.84,109.19,109.83,109.78,110.03,110.05,110.07,115.54,110.31,110.15,110.11,110.38,110.4,110.68,110.18,110.65,110.46,110.52,110.88,112.4,118.0,117.84,117.69,113.8,113.63,117.65,120.25,119.87,120.23,122.1,120.06,120.07,119.26,108.72,108.7,108.67,108.66,109.41,109.23,109.14,109.16,108.86,109.98,109.32,109.87,109.62,110.14,113.12,113.65,110.21,110.31,110.34,110.55,110.74,110.63,110.03,111.26,110.77,111.33,113.0,111.66,119.58,117.86,117.63,119.93,119.49,115.19,121.97,114.02,121.67,118.12,119.37,119.22,109.87,108.68,108.72,108.44,109.21,109.22,110.14,110.06,109.78,110.19,110.26,109.74,110.05,109.73,112.64,112.52,110.44,110.36,110.44,110.78,111.08,110.73,111.06,111.15,111.29,111.46,111.45,111.61,111.24,112.68,117.8,116.21,120.68,115.69,123.5,118.47,117.43,118.36,117.77,110.65,109.31,110.13,109.31,109.76,108.88,109.69,110.23,110.07,110.07,110.28,109.89,110.35,110.09,110.1,110.82,111.06,110.05,110.51,110.48,110.99,110.94,110.55,111.23,111.07,110.95,110.85,112.09,111.32,111.13,111.14,111.14,111.66,116.78,111.48,111.1,119.71,119.68,120.3,118.27,119.16,110.34,110.19,109.66,110.18,110.33,110.43,110.39,110.32,109.86,109.51,110.19,110.41,109.88,110.9,109.96,110.87,110.84,110.61,110.8,110.63,110.99,111.08,111.38,111.37,111.74,110.66,111.21,110.61,110.9,111.81,111.82,111.82,111.7,111.48,111.64,110.99,111.86,119.6,119.81,121.06,110.27,110.47,109.69,110.08,110.52,110.53,115.06,110.16,110.16,109.57,109.3,109.77,109.38,110.79,109.58,111.13,111.09,114.35,111.27,111.32,111.47,111.6,111.43,111.55,111.51,111.23,110.98,113.28,110.94,116.69,116.83,111.44,113.78,111.99,119.01,119.51,110.18,120.71,121.06,121.2,115.33,110.26,110.26,109.24,110.52,110.58,113.74,110.2,110.64,109.68,109.24,109.25,109.77,110.34,108.41,111.98,111.94,113.72,112.26,111.74,111.71,111.24,111.36,111.61,111.57,114.63,111.47,111.48,111.24,117.14,111.47,111.48,118.6,111.56,120.01,121.66,111.48,110.6,121.25,121.75,110.38,109.58,109.32,109.76,109.96,109.96,109.45,109.39,109.54,109.42,110.58,110.49,109.98,109.47,109.3,112.72,116.42,113.72,111.26,111.49,111.21,111.6,111.42,111.76,111.92,116.48,114.36,110.81,112.85,113.92,112.2,111.52,119.05,119.9,120.39,121.0,122.63,122.22,120.7,122.09,110.54,109.64,109.39,109.52,110.01,109.72,108.45,109.02,109.6,109.84,110.46,110.66,110.56,110.9,109.28,112.29,112.27,112.24,110.73,111.28,111.46,111.65,111.66,111.51,111.89,111.91,111.95,114.15,114.28,114.35,113.93,112.3,119.37,121.22,120.59,121.34,122.09,123.6,124.16,122.36,109.82,109.94,109.7,109.49,109.5,109.51,109.88,109.02,109.58,109.9,110.88,109.99,110.54,111.78,109.56,112.12,111.13,110.64,114.0,113.14,111.7,111.29,111.5,113.46,114.22,112.14,116.84,115.89,111.41,123.19,119.73,120.45,120.19,121.98,122.04,121.91,120.88,122.16,122.11,124.83,112.76,110.58,110.34,109.82,110.58,110.58,111.7,110.46,109.79,110.18,110.42,110.64,110.65,110.54,109.89,110.41,110.58,109.47,111.29,109.42,111.32,111.13,111.76,111.77,116.03,112.3,112.2,116.61,111.54,112.72,120.59,123.91,121.79,121.78,125.62,122.75,126.12,124.62,123.32,124.65